69471232173710021927001066657242796770628979807059481014091914192719707437350304352502146775742419273236795942225955142655352425353650413631255575635553656422323121604221232634464534554544535064545567232650707776434426664445545332366382707266677282676382727666627066697274271536761523767969647082636282706263708263628270626379894837708263628270626370826362827062634546644440505343745443427082636050514445204223425459494859584849585949485958484958524234525949485958484958594948595434225453606482634555532364544152542423532423
69471232173710021927001066657242796770628979807059481014091914192719707437350304352502146775742419273236795942225955142655352425353650413631255575635553656422323121604221232634464534554544535064545567232650707776434426664445545332366382707266677282676382727666627066697274271536761523767969647082636282706263708263628270626379894837708263628270626370826362827062634546644440505343745443427082636050514445204223425459494859584849585949485958484958524234525949485958484958594948595434225453606482634555532364544152542423532425
69471232173710021927001066657242796770628979807059481014091914192719707437350304352502146775742419273236795942225955142655352425353650413631255575635553656422323121604221232634464534554544535064545567232650707776434426664445545332366382707266677282676382727666627066697274271536761523767969647082636282706263708263628270626379894837708263628270626370826362827062634546644440505343745443427082636050514445204223425459494859584849585949485958484958524234525949485958484958594948595434225453606482634555532364544152542423532426
69471232173710021927001066657242796770628979807059481014091914192719707437350304352502146775742419273236795942225955142655352425353650413631255575635553656422323121604221232634464534554544535064545567232650707776434426664445545332366382707266677282676382727666627066697274271536761523767969647082636282706263708263628270626379894837708263628270626370826362827062634546644440505343745443427082636050514445204223425459494859584849585949485958484958524234525949485958484958594948595434225453606482634555532364544152542423532427
69471232173710021927001066657242796770628979807059481014091914192719707437350304352502146775742419273236795942225955142655352425353650413631255575635553656422323121604221232634464534554544535064545567232650707776434426664445545332366382707266677282676382727666627066697274271536761523767969647082636282706263708263628270626379894837708263628270626370826362827062634546644440505343745443427082636050514445204223425459494859584849585949485958484958524234525949485958484958594948595434225453606482634555532364544152542423532428
69471232173710021927001066657242796770628979807059481014091914192719707437350304352502146775742419273236795942225955142655352425353650413631255575635553656422323121604221232634464534554544535064545567232650707776434426664445545332366382707266677282676382727666627066697274271536761523767969647082636282706263708263628270626379894837708263628270626370826362827062634546644440505343745443427082636050514445204223425459494859584849585949485958484958524234525949485958484958594948595434225453606482634555532364544152542423532414
69471232173710021927001066657242796770628979807059481014091914192719707437350304352502146775742419273236795942225955142655352425353650413631255575635553656422323121604221232634464534554544535064545567232650707776434426664445545332366382707266677282676382727666627066697274271536761523767969647082636282706263708263628270626379894837708263628270626370826362827062634546644440505343745443427082636050514445204223425459494859584849585949485958484958524234525949485958484958594948595434225453606482634555532364544152542423532404
69471232173710021927001066657242796770628979807059481014091914192719707437350304352502146775742419273236795942225955142655352425353650413631255575635553656422323121604221232634464534554544535064545567232650707776434426664445545332366382707266677282676382727666627066697274271536761523767969647082636282706263708263628270626379894837708263628270626370826362827062634546644440505343745443427082636050514445204223425459494859584849585949485958484958524234525949485958484958594948595434225453606482634555532364544152542423532434
69471232173710021927001066657242796770628979807059481014091914192719707437350304352502146775742419273236795942225955142655352425353650413631255575635553656422323121604221232634464534554544535064545567232650707776434426664445545332366382707266677282676382727666627066697274271536761523767969647082636282706263708263628270626379894837708263628270626370826362827062634546644440505343745443427082636050514445204223425459494859584849585949485958484958524234525949485958484958594948595434225453606482634555532364544152542423532444
69471232173710021927001066657242796770628979807059481014091914192719707437350304352502146775742419273236795942225955142655352425353650413631255575635553656422323121604221232634464534554544535064545567232650707776434426664445545332366382707266677282676382727666627066697274271536761523767969647082636282706263708263628270626379894837708263628270626370826362827062634546644440505343745443427082636050514445204223425459494859584849585949485958484958524234525949485958484958594948595434225453606482634555532364544152542423532454
69471232173710021927001066657242796770628979807059481014091914192719707437350304352502146775742419273236795942225955142655352425353650413631255575635553656422323121604221232634464534554544535064545567232650707776434426664445545332366382707266677282676382727666627066697274271536761523767969647082636282706263708263628270626379894837708263628270626370826362827062634546644440505343745443427082636050514445204223425459494859584849585949485958484958524234525949485958484958594948595434225453606482634555532364544152542423532474
69471232173710021927001066657242796770628979807059481014091914192719707437350304352502146775742419273236795942225955142655352425353650413631255575635553656422323121604221232634464534554544535064545567232650707776434426664445545332366382707266677282676382727666627066697274271536761523767969647082636282706263708263628270626379894837708263628270626370826362827062634546644440505343745443427082636050514445204223425459494859584849585949485958484958524234525949485958484958594948595434225453606482634555532364544152542423532484
69471232173710021927001066657242796770628979807059481014091914192719707437350304352502146775742419273236795942225955142655352425353650413631255575635553656422323121604221232634464534554544535064545567232650707776434426664445545332366382707266677282676382727666627066697274271536761523767969647082636282706263708263628270626379894837708263628270626370826362827062634546644440505343745443427082636050514445204223425459494859584849585949485958484958524234525949485958484958594948595434225453606482634555532364544152542423532210
69471232173710021927001066657242796770628979807059481014091914192719707437350304352502146775742419273236795942225955142655352425353650413631255575635553656422323121604221232634464534554544535064545567232650707776434426664445545332366382707266677282676382727666627066697274271536761523767969647082636282706263708263628270626379894837708263628270626370826362827062634546644440505343745443427082636050514445204223425459494859584849585949485958484958524234525949485958484958594948595434225453606482634555532364544152542423532230
69471232173710021927001066657242796770628979807059481014091914192719707437350304352502146775742419273236795942225955142655352425353650413631255575635553656422323121604221232634464534554544535064545567232650707776434426664445545332366382707266677282676382727666627066697274271536761523767969647082636282706263708263628270626379894837708263628270626370826362827062634546644440505343745443427082636050514445204223425459494859584849585949485958484958524234525949485958484958594948595434225453606482634555532364544152542423532241
69471232173710021927001066657242796770628979807059481014091914192719707437350304352502146775742419273236795942225955142655352425353650413631255575635553656422323121604221232634464534554544535064545567232650707776434426664445545332366382707266677282676382727666627066697274271536761523767969647082636282706263708263628270626379894837708263628270626370826362827062634546644440505343745443427082636050514445204223425459494859584849585949485958484958524234525949485958484958594948595434225453606482634555532364544152542423532243
69471232173710021927001066657242796770628979807059481014091914192719707437350304352502146775742419273236795942225955142655352425353650413631255575635553656422323121604221232634464534554544535064545567232650707776434426664445545332366382707266677282676382727666627066697274271536761523767969647082636282706263708263628270626379894837708263628270626370826362827062634546644440505343745443427082636050514445204223425459494859584849585949485958484958524234525949485958484958594948595434225453606482634555532364544152542423532234
69471232173710021927001066657242796770628979807059481014091914192719707437350304352502146775742419273236795942225955142655352425353650413631255575635553656422323121604221232634464534554544535064545567232650707776434426664445545332366382707266677282676382727666627066697274271536761523767969647082636282706263708263628270626379894837708263628270626370826362827062634546644440505343745443427082636050514445204223425459494859584849585949485958484958524234525949485958484958594948595434225453606482634555532364544152542423532214
69471232173710021927001066657242796770628979807059481014091914192719707437350304352502146775742419273236795942225955142655352425353650413631255575635553656422323121604221232634464534554544535064545567232650707776434426664445545332366382707266677282676382727666627066697274271536761523767969647082636282706263708263628270626379894837708263628270626370826362827062634546644440505343745443427082636050514445204223425459494859584849585949485958484958524234525949485958484958594948595434225453606482634555532364544152542423532203
69471232173710021927001066657242796770628979807059481014091914192719707437350304352502146775742419273236795942225955142655352425353650413631255575635553656422323121604221232634464534554544535064545567232650707776434426664445545332366382707266677282676382727666627066697274271536761523767969647082636282706263708263628270626379894837708263628270626370826362827062634546644440505343745443427082636050514445204223425459494859584849585949485958484958524234525949485958484958594948595434225453606482634555532364544152542423532201
69471232173710021927001066657242796770628979807059481014091914192719707437350304352502146775742419273236795942225955142655352425353650413631255575635553656422323121604221232634464534554544535064545567232650707776434426664445545332366382707266677282676382727666627066697274271536761523767969647082636282706263708263628270626379894837708263628270626370826362827062634546644440505343745443427082636050514445204223425459494859584849585949485958484958524234525949485958484958594948595434225453606482634555532364544152542423535554
69471232173710021927001066657242796770628979807059481014091914192719707437350304352502146775742419273236795942225955142655352425353650413631255575635553656422323121604221232634464534554544535064545567232650707776434426664445545332366382707266677282676382727666627066697274271536761523767969647082636282706263708263628270626379894837708263628270626370826362827062634546644440505343745443427082636050514445204223425459494859584849585949485958484958524234525949485958484958594948595434225453606482634555532364544152542423535552
69471232173710021927001066657242796770628979807059481014091914192719707437350304352502146775742419273236795942225955142655352425353650413631255575635553656422323121604221232634464534554544535064545567232650707776434426664445545332366382707266677282676382727666627066697274271536761523767969647082636282706263708263628270626379894837708263628270626370826362827062634546644440505343745443427082636050514445204223425459494859584849585949485958484958524234525949485958484958594948595434225453606482634555532364544152542423535556
69471232173710021927001066657242796770628979807059481014091914192719707437350304352502146775742419273236795942225955142655352425353650413631255575635553656422323121604221232634464534554544535064545567232650707776434426664445545332366382707266677282676382727666627066697274271536761523767969647082636282706263708263628270626379894837708263628270626370826362827062634546644440505343745443427082636050514445204223425459494859584849585949485958484958524234525949485958484958594948595434225453606482634555532364544152542423535557
69471232173710021927001066657242796770628979807059481014091914192719707437350304352502146775742419273236795942225955142655352425353650413631255575635553656422323121604221232634464534554544535064545567232650707776434426664445545332366382707266677282676382727666627066697274271536761523767969647082636282706263708263628270626379894837708263628270626370826362827062634546644440505343745443427082636050514445204223425459494859584849585949485958484958524234525949485958484958594948595434225453606482634555532364544152542423535558
69471232173710021927001066657242796770628979807059481014091914192719707437350304352502146775742419273236795942225955142655352425353650413631255575635553656422323121604221232634464534554544535064545567232650707776434426664445545332366382707266677282676382727666627066697274271536761523767969647082636282706263708263628270626379894837708263628270626370826362827062634546644440505343745443427082636050514445204223425459494859584849585949485958484958524234525949485958484958594948595434225453606482634555532364544152542423535559
69471232173710021927001066657242796770628979807059481014091914192719707437350304352502146775742419273236795942225955142655352425353650413631255575635553656422323121604221232634464534554544535064545567232650707776434426664445545332366382707266677282676382727666627066697274271536761523767969647082636282706263708263628270626379894837708263628270626370826362827062634546644440505343745443427082636050514445204223425459494859584849585949485958484958524234525949485958484958594948595434225453606482634555532364544152542423535545
69471232173710021927001066657242796770628979807059481014091914192719707437350304352502146775742419273236795942225955142655352425353650413631255575635553656422323121604221232634464534554544535064545567232650707776434426664445545332366382707266677282676382727666627066697274271536761523767969647082636282706263708263628270626379894837708263628270626370826362827062634546644440505343745443427082636050514445204223425459494859584849585949485958484958524234525949485958484958594948595434225453606482634555532364544152542423535535
69471232173710021927001066657242796770628979807059481014091914192719707437350304352502146775742419273236795942225955142655352425353650413631255575635553656422323121604221232634464534554544535064545567232650707776434426664445545332366382707266677282676382727666627066697274271536761523767969647082636282706263708263628270626379894837708263628270626370826362827062634546644440505343745443427082636050514445204223425459494859584849585949485958484958524234525949485958484958594948595434225453606482634555532364544152542423535525
69471232173710021927001066657242796770628979807059481014091914192719707437350304352502146775742419273236795942225955142655352425353650413631255575635553656422323121604221232634464534554544535064545567232650707776434426664445545332366382707266677282676382727666627066697274271536761523767969647082636282706263708263628270626379894837708263628270626370826362827062634546644440505343745443427082636050514445204223425459494859584849585949485958484958524234525949485958484958594948595434225453606482634555532364544152542423535515
69471232173710021927001066657242796770628979807059481014091914192719707437350304352502146775742419273236795942225955142655352425353650413631255575635553656422323121604221232634464534554544535064545567232650707776434426664445545332366382707266677282676382727666627066697274271536761523767969647082636282706263708263628270626379894837708263628270626370826362827062634546644440505343745443427082636050514445204223425459494859584849585949485958484958524234525949485958484958594948595434225453606482634555532364544152542423535505
69471232173710021927001066657242796770628979807059481014091914192719707437350304352502146775742419273236795942225955142655352425353650413631255575635553656422323121604221232634464534554544535064545567232650707776434426664445545332366382707266677282676382727666627066697274271536761523767969647082636282706263708263628270626379894837708263628270626370826362827062634546644440505343745443427082636050514445204223425459494859584849585949485958484958524234525949485958484958594948595434225453606482634555532364544152542423535565
69471232173710021927001066657242796770628979807059481014091914192719707437350304352502146775742419273236795942225955142655352425353650413631255575635553656422323121604221232634464534554544535064545567232650707776434426664445545332366382707266677282676382727666627066697274271536761523767969647082636282706263708263628270626379894837708263628270626370826362827062634546644440505343745443427082636050514445204223425459494859584849585949485958484958524234525949485958484958594948595434225453606482634555532364544152542423535575
69471232173710021927001066657242796770628979807059481014091914192719707437350304352502146775742419273236795942225955142655352425353650413631255575635553656422323121604221232634464534554544535064545567232650707776434426664445545332366382707266677282676382727666627066697274271536761523767969647082636282706263708263628270626379894837708263628270626370826362827062634546644440505343745443427082636050514445204223425459494859584849585949485958484958524234525949485958484958594948595434225453606482634555532364544152542423535585
69471232173710021927001066657242796770628979807059481014091914192719707437350304352502146775742419273236795942225955142655352425353650413631255575635553656422323121604221232634464534554544535064545567232650707776434426664445545332366382707266677282676382727666627066697274271536761523767969647082636282706263708263628270626379894837708263628270626370826362827062634546644440505343745443427082636050514445204223425459494859584849585949485958484958524234525949485958484958594948595434225453606482634555532364544152542423530605
69471232173710021927001066657242796770628979807059481014091914192719707437350304352502146775742419273236795942225955142655352425353650413631255575635553656422323121604221232634464534554544535064545567232650707776434426664445545332366382707266677282676382727666627066697274271536761523767969647082636282706263708263628270626379894837708263628270626370826362827062634546644440505343745443427082636050514445204223425459494859584849585949485958484958524234525949485958484958594948595434225453606482634555532364544152542423538685
69471232173710021927001066657242796770628979807059481014091914192719707437350304352502146775742419273236795942225955142655352425353650413631255575635553656422323121604221232634464534554544535064545567232650707776434426664445545332366382707266677282676382727666627066697274271536761523767969647082636282706263708263628270626379894837708263628270626370826362827062634546644440505343745443427082636050514445204223425459494859584849585949485958484958524234525949485958484958594948595434225453606482634555532364544152542423534769
69471232173710021927001066657242796770628979807059481014091914192719707437350304352502146775742419273236795942225955142655352425353650413631255575635553656422323121604221232634464534554544535064545567232650707776434426664445545332366382707266677282676382727666627066697274271536761523767969647082636282706263708263628270626379894837708263628270626370826362827062634546644440505343745443427082636050514445204223425459494859584849585949485958484958524234525949485958484958594948595434225453606482634555532364544152542423534765
69471232173710021927001066657242796770628979807059481014091914192719707437350304352502146775742419273236795942225955142655352425353650413631255575635553656422323121604221232634464534554544535064545567232650707776434426664445545332366382707266677282676382727666627066697274271536761523767969647082636282706263708263628270626379894837708263628270626370826362827062634546644440505343745443427082636050514445204223425459494859584849585949485958484958524234525949485958484958594948595434225453606482634555532364544152542423534725
69471232173710021927001066657242796770628979807059481014091914192719707437350304352502146775742419273236795942225955142655352425353650413631255575635553656422323121604221232634464534554544535064545567232650707776434426664445545332366382707266677282676382727666627066697274271536761523767969647082636282706263708263628270626379894837708263628270626370826362827062634546644440505343745443427082636050514445204223425459494859584849585949485958484958524234525949485958484958594948595434225453606482634555532364544152542423534849
69471232173710021927001066657242796770628979807059481014091914192719707437350304352502146775742419273236795942225955142655352425353650413631255575635553656422323121604221232634464534554544535064545567232650707776434426664445545332366382707266677282676382727666627066697274271536761523767969647082636282706263708263628270626379894837708263628270626370826362827062634546644440505343745443427082636050514445204223425459494859584849585949485958484958524234525949485958484958594948595434225453606482634555532364544152542423534858
69471232173710021927001066657242796770628979807059481014091914192719707437350304352502146775742419273236795942225955142655352425353650413631255575635553656422323121604221232634464534554544535064545567232650707776434426664445545332366382707266677282676382727666627066697274271536761523767969647082636282706263708263628270626379894837708263628270626370826362827062634546644440505343745443427082636050514445204223425459494859584849585949485958484958524234525949485958484958594948595434225453606482634555532364544152542423534838
69471232173710021927001066657242796770628979807059481014091914192719707437350304352502146775742419273236795942225955142655352425353650413631255575635553656422323121604221232634464534554544535064545567232650707776434426664445545332366382707266677282676382727666627066697274271536761523767969647082636282706263708263628270626379894837708263628270626370826362827062634546644440505343745443427082636050514445204223425459494859584849585949485958484958524234525949485958484958594948595434225453606482634555532364544152542423532907
